*156592,+39.924365,+12.45,+044.2,0
*156592,+39.924300,+12.44,+044.2,0
*156592,+39.924276,+12.44,+044.2,0
*156592,+39.924326,+12.44,+044.2,0
*156592,+39.924364,+12.44,+044.2,0
*156592,+39.924310,+12.44,+044.2,0
*156592,+39.924228,+12.44,+044.2,0
*156592,+39.924249,+12.44,+044.2,0
*156592,+39.924356,+12.44,+044.2,0
*156592,+39.924349,+12.44,+044.2,0
*156592,+39.924211,+12.44,+044.2,0
*156592,+39.924225,+12.44,+044.2,0
*156592,+39.924348,+12.44,+044.2,0
*156592,+39.924433,+12.44,+044.2,0
*156592,+39.924341,+12.44,+044.2,0
*156592,+39.924274,+12.44,+044.2,0
*156592,+39.924320,+12.44,+044.2,0
*156592,+39.924418,+12.44,+044.2,0
*156592,+39.924311,+12.44,+044.2,0
*156592,+39.924298,+12.44,+044.2,0
*156592,+39.924298,+12.44,+044.2,0
*156592,+39.924436,+12.44,+044.2,0
*156592,+39.924342,+12.44,+044.2,0
*156592,+39.924342,+12.44,+044.2,0
*156592,+39.924327,+12.44,+044.2,0
*156592,+39.924354,+12.44,+044.2,0
*156592,+39.924354,+12.44,+044.2,0
*156592,+39.924252,+12.44,+044.2,0
*156592,+39.924320,+12.44,+044.2,0
*156592,+39.924320,+12.44,+044.2,0
*156592,+39.924277,+12.44,+044.2,0
*156592,+39.924169,+12.44,+044.2,0
*156592,+39.924151,+12.44,+044.2,0
*156592,+39.924151,+12.44,+044.2,0
*156592,+39.924291,+12.44,+044.2,0
*156592,+39.924170,+12.44,+044.2,0
*156592,+39.924170,+12.44,+044.2,0
*156592,+39.924169,+12.44,+044.2,0
*156592,+39.924232,+12.44,+044.2,0
*156592,+39.924232,+12.44,+044.2,0
*156592,+39.924123,+12.44,+044.2,0
*156592,+39.924181,+12.44,+044.2,0
*156592,+39.924181,+12.44,+044.2,0
*156592,+39.924310,+12.44,+044.2,0
*156592,+39.924240,+12.44,+044.2,0
*156592,+39.924256,+12.44,+044.2,0
*156592,+39.924256,+12.44,+044.2,0
*156592,+39.924410,+12.44,+044.2,0
*156592,+39.924392,+12.44,+044.2,0
*156592,+39.924392,+12.44,+044.2,0
*156592,+39.924443,+12.44,+044.2,0
*156592,+39.924550,+12.44,+044.2,0
*156592,+39.924550,+12.44,+044.2,0
*156592,+39.924478,+12.44,+044.2,0
*156592,+39.924495,+12.44,+044.2,0
*156592,+39.924495,+12.44,+044.2,0
*156592,+39.924584,+12.44,+044.2,0
*156592,+39.924635,+12.44,+044.2,0
*156592,+39.924635,+12.44,+044.2,0
*156592,+39.924596,+12.44,+044.2,0
*156592,+39.924705,+12.44,+044.2,0
*156592,+39.924749,+12.44,+044.2,0
*156592,+39.924749,+12.44,+044.2,0
*156592,+39.924597,+12.44,+044.2,0
*156592,+39.924732,+12.44,+044.2,0
*156592,+39.924732,+12.44,+044.2,0
*156592,+39.924665,+12.44,+044.2,0
*156592,+39.924573,+12.44,+044.2,0
*156592,+39.924573,+12.44,+044.2,0
*156592,+39.924637,+12.44,+044.2,0
*156592,+39.924701,+12.44,+044.2,0
*156592,+39.924701,+12.44,+044.2,0
*156592,+39.924673,+12.44,+044.2,0
*156592,+39.924764,+12.44,+044.2,0
*156592,+39.924764,+12.44,+044.2,0
*156592,+39.924699,+12.44,+044.2,0
*156592,+39.924548,+12.44,+044.2,0
*156592,+39.924675,+12.44,+044.2,0
*156592,+39.924675,+12.44,+044.2,0
*156592,+39.924546,+12.44,+044.2,0
*156592,+39.924426,+12.44,+044.2,0
*156592,+39.924426,+12.44,+044.2,0
*156592,+39.924596,+12.44,+044.2,0
*156592,+39.924538,+12.44,+044.2,0
*156592,+39.924538,+12.44,+044.2,0
*156592,+39.924370,+12.44,+044.2,0
*156592,+39.924509,+12.44,+044.2,0
*156592,+39.924484,+12.44,+044.2,0
*156592,+39.924484,+12.44,+044.2,0
*156592,+39.924293,+12.44,+044.2,0
*156592,+39.924373,+12.44,+044.2,0
*156592,+39.924373,+12.44,+044.2,0
*156592,+39.924393,+12.44,+044.2,0
*156592,+39.924251,+12.44,+044.2,0
*156592,+39.924251,+12.44,+044.2,0
*156592,+39.924273,+12.44,+044.2,0
*156592,+39.924335,+12.44,+044.2,0
*156592,+39.924332,+12.44,+044.2,0
*156592,+39.924332,+12.44,+044.2,0
*156592,+39.924519,+12.44,+044.2,0
*156592,+39.924561,+12.44,+044.2,0
*156592,+39.924561,+12.44,+044.2,0
*156592,+39.924494,+12.44,+044.2,0
*156592,+39.924565,+12.44,+044.2,0
*156592,+39.924565,+12.44,+044.2,0
*156592,+39.924546,+12.44,+044.2,0
*156592,+39.924537,+12.43,+044.2,0
*156592,+39.924527,+12.43,+044.2,0
*156592,+39.924594,+12.43,+044.2,0
*156592,+39.924592,+12.43,+044.2,0
*156592,+39.924513,+12.43,+044.2,0
*156592,+39.924513,+12.43,+044.2,0
*156592,+39.924485,+12.43,+044.2,0
*156592,+39.924485,+12.43,+044.2,0
*156592,+39.924568,+12.43,+044.2,0
*156592,+39.924445,+12.43,+044.2,0
*156592,+39.924443,+12.43,+044.2,0
*156592,+39.924541,+12.43,+044.2,0
*156592,+39.924582,+12.43,+044.2,0
*156592,+39.924485,+12.43,+044.2,0
*156592,+39.924485,+12.43,+044.2,0
*156592,+39.924466,+12.43,+044.2,0
*156592,+39.924652,+12.43,+044.2,0
*156592,+39.924549,+12.43,+044.2,0
*156592,+39.924549,+12.43,+044.2,0
*156592,+39.924606,+12.43,+044.2,0
*156592,+39.924676,+12.43,+044.2,0
*156592,+39.924676,+12.43,+044.2,0
*156592,+39.924528,+12.43,+044.2,0
*156592,+39.924613,+12.43,+044.2,0
*156592,+39.924613,+12.43,+044.2,0
*156592,+39.924779,+12.43,+044.2,0
*156592,+39.924669,+12.43,+044.2,0
*156592,+39.924669,+12.43,+044.2,0
*156592,+39.924714,+12.43,+044.2,0
*156592,+39.924799,+12.43,+044.2,0
*156592,+39.924751,+12.43,+044.2,0
*156592,+39.924751,+12.43,+044.2,0
*156592,+39.924734,+12.43,+044.2,0
*156592,+39.924839,+12.43,+044.2,0
*156592,+39.924839,+12.43,+044.2,0
*156592,+39.924788,+12.43,+044.2,0
*156592,+39.924672,+12.43,+044.2,0
*156592,+39.924672,+12.43,+044.2,0
*156592,+39.924823,+12.43,+044.2,0
*156592,+39.924718,+12.43,+044.2,0
*156592,+39.924718,+12.43,+044.2,0
*156592,+39.924751,+12.43,+044.2,0
*156592,+39.924796,+12.43,+044.2,0
*156592,+39.924660,+12.43,+044.2,0
*156592,+39.924660,+12.43,+044.2,0
*156592,+39.924558,+12.43,+044.2,0
*156592,+39.924645,+12.43,+044.2,0
*156592,+39.924645,+12.43,+044.2,0
*156592,+39.924621,+12.43,+044.2,0
*156592,+39.924549,+12.43,+044.2,0
*156592,+39.924549,+12.43,+044.2,0
*156592,+39.924590,+12.43,+044.2,0
*156592,+39.924588,+12.43,+044.2,0
*156592,+39.924588,+12.43,+044.2,0
*156592,+39.924599,+12.43,+044.2,0
*156592,+39.924599,+12.43,+044.2,0
*156592,+39.924701,+12.43,+044.2,0
*156592,+39.924701,+12.43,+044.2,0
*156592,+39.924724,+12.43,+044.2,0
*156592,+39.924787,+12.43,+044.2,0
*156592,+39.924787,+12.43,+044.2,0
*156592,+39.924874,+12.43,+044.2,0
*156592,+39.924801,+12.43,+044.2,0
*156592,+39.924889,+12.43,+044.2,0
*156592,+39.924992,+12.43,+044.2,0
*156592,+39.924961,+12.43,+044.2,0
*156592,+39.924891,+12.43,+044.2,0
*156592,+39.924889,+12.43,+044.2,0
*156592,+39.924997,+12.43,+044.2,0
*156592,+39.925078,+12.43,+044.2,0
*156592,+39.925039,+12.43,+044.2,0
*156592,+39.924961,+12.43,+044.2,0
*156592,+39.924965,+12.43,+044.2,0
*156592,+39.925061,+12.43,+044.2,0
*156592,+39.925073,+12.43,+044.2,0
*156592,+39.924939,+12.43,+044.2,0
*156592,+39.924825,+12.43,+044.2,0
*156592,+39.924903,+12.43,+044.2,0
*156592,+39.924990,+12.43,+044.2,0
*156592,+39.924930,+12.43,+044.2,0
*156592,+39.924780,+12.43,+044.2,0
*156592,+39.924894,+12.43,+044.2,0
*156592,+39.924876,+12.43,+044.2,0
*156592,+39.924876,+12.43,+044.2,0
*156592,+39.924736,+12.43,+044.2,0
*156592,+39.924703,+12.43,+044.2,0
*156592,+39.924703,+12.43,+044.2,0
*156592,+39.924766,+12.43,+044.2,0
*156592,+39.924497,+12.43,+044.2,0
*156592,+39.924497,+12.43,+044.2,0
*156592,+39.924644,+12.43,+044.2,0
*156592,+39.924598,+12.43,+044.2,0
*156592,+39.924598,+12.43,+044.2,0
*156592,+39.924441,+12.43,+044.2,0
*156592,+39.924514,+12.43,+044.2,0
*156592,+39.924514,+12.43,+044.2,0
*156592,+39.924552,+12.43,+044.2,0
*156592,+39.924552,+12.43,+044.2,0
*156592,+39.924666,+12.43,+044.2,0
*156592,+39.924666,+12.43,+044.2,0
*156592,+39.924696,+12.43,+044.2,0
*156592,+39.924667,+12.43,+044.2,0
*156592,+39.924667,+12.43,+044.2,0
*156592,+39.924738,+12.43,+044.2,0
*156592,+39.924863,+12.43,+044.2,0
*156592,+39.924863,+12.43,+044.2,0
*156592,+39.924873,+12.43,+044.2,0
*156592,+39.924897,+12.43,+044.2,0
*156592,+39.924897,+12.43,+044.2,0
*156592,+39.924881,+12.43,+044.2,0
*156592,+39.924817,+12.43,+044.2,0
*156592,+39.924801,+12.43,+044.2,0
*156592,+39.924801,+12.43,+044.2,0
*156592,+39.924871,+12.43,+044.2,0
*156592,+39.924835,+12.43,+044.2,0
*156592,+39.924835,+12.43,+044.2,0
*156592,+39.924845,+12.43,+044.2,0
*156592,+39.924887,+12.43,+044.2,0
*156592,+39.924887,+12.43,+044.2,0
*156592,+39.924863,+12.44,+044.2,0
*156592,+39.924883,+12.44,+044.2,0
*156592,+39.924883,+12.44,+044.2,0
*156592,+39.924992,+12.44,+044.2,0
*156592,+39.924919,+12.44,+044.2,0
*156592,+39.924878,+12.44,+044.2,0
*156592,+39.924878,+12.44,+044.2,0
*156592,+39.924971,+12.44,+044.2,0
*156592,+39.924877,+12.44,+044.2,0
*156592,+39.924877,+12.44,+044.2,0
*156592,+39.924734,+12.44,+044.2,0
*156592,+39.924815,+12.44,+044.2,0
*156592,+39.924815,+12.44,+044.2,0
*156592,+39.924651,+12.44,+044.2,0
*156592,+39.924596,+12.44,+044.2,0
*156592,+39.924596,+12.44,+044.2,0
*156592,+39.924673,+12.44,+044.2,0
*156592,+39.924526,+12.44,+044.2,0
*156592,+39.924450,+12.44,+044.2,0
*156592,+39.924450,+12.44,+044.2,0
*156592,+39.924597,+12.44,+044.2,0
*156592,+39.924467,+12.44,+044.2,0
*156592,+39.924467,+12.44,+044.2,0
*156592,+39.924397,+12.44,+044.2,0
*156592,+39.924453,+12.44,+044.2,0
*156592,+39.924453,+12.44,+044.2,0
*156592,+39.924335,+12.44,+044.2,0
*156592,+39.924345,+12.44,+044.2,0
*156592,+39.924345,+12.44,+044.2,0
*156592,+39.924402,+12.44,+044.2,0
*156592,+39.924308,+12.44,+044.2,0
*156592,+39.924206,+12.44,+044.2,0
*156592,+39.924206,+12.44,+044.2,0
*156592,+39.924325,+12.44,+044.2,0
*156592,+39.924295,+12.44,+044.2,0
*156592,+39.924295,+12.44,+044.2,0
*156592,+39.924279,+12.44,+044.2,0
*156592,+39.924336,+12.44,+044.2,0
*156592,+39.924336,+12.44,+044.2,0
*156592,+39.924249,+12.44,+044.2,0
*156592,+39.924252,+12.44,+044.2,0
*156592,+39.924252,+12.44,+044.2,0
*156592,+39.924329,+12.44,+044.2,0
*156592,+39.924317,+12.44,+044.2,0
*156592,+39.924302,+12.44,+044.2,0
*156592,+39.924302,+12.44,+044.2,0
*156592,+39.924280,+12.44,+044.2,0
*156592,+39.924270,+12.44,+044.2,0
*156592,+39.924270,+12.44,+044.2,0
*156592,+39.924231,+12.44,+044.2,0
*156592,+39.924330,+12.44,+044.2,0
*156592,+39.924330,+12.44,+044.2,0
*156592,+39.924370,+12.44,+044.2,0
*156592,+39.924310,+12.44,+044.2,0
*156592,+39.924339,+12.44,+044.2,0
*156592,+39.924339,+12.44,+044.2,0
*156592,+39.924456,+12.44,+044.2,0
*156592,+39.924383,+12.44,+044.2,0
*156592,+39.924383,+12.44,+044.2,0
*156592,+39.924398,+12.44,+044.2,0
*156592,+39.924587,+12.44,+044.2,0
*156592,+39.924587,+12.44,+044.2,0
*156592,+39.924490,+12.44,+044.2,0
*156592,+39.924535,+12.44,+044.2,0
*156592,+39.924535,+12.44,+044.2,0
*156592,+39.924606,+12.44,+044.2,0
*156592,+39.924407,+12.44,+044.2,0
*156592,+39.924407,+12.44,+044.2,0
*156592,+39.924408,+12.44,+044.2,0
*156592,+39.924524,+12.44,+044.2,0
*156592,+39.924365,+12.44,+044.2,0
*156592,+39.924365,+12.43,+044.2,0
*156592,+39.924342,+12.43,+044.2,0
*156592,+39.924469,+12.43,+044.2,0
*156592,+39.924469,+12.43,+044.2,0
*156592,+39.924326,+12.43,+044.2,0
*156592,+39.924288,+12.43,+044.2,0
*156592,+39.924288,+12.43,+044.2,0
*156592,+39.924329,+12.43,+044.2,0
*156592,+39.924266,+12.43,+044.2,0
*156592,+39.924345,+12.43,+044.2,0
*156592,+39.924345,+12.43,+044.2,0
*156592,+39.924437,+12.43,+044.2,0
*156592,+39.924340,+12.43,+044.2,0
*156592,+39.924340,+12.43,+044.2,0
*156592,+39.924315,+12.43,+044.2,0
*156592,+39.924372,+12.43,+044.2,0
*156592,+39.924372,+12.43,+044.2,0
*156592,+39.924278,+12.43,+044.2,0
*156592,+39.924342,+12.43,+044.2,0
*156592,+39.924342,+12.43,+044.2,0
*156592,+39.924370,+12.43,+044.2,0
*156592,+39.924284,+12.43,+044.2,0
*156592,+39.924296,+12.43,+044.2,0
*156592,+39.924296,+12.43,+044.2,0
*156592,+39.924364,+12.43,+044.2,0
*156592,+39.924318,+12.43,+044.2,0
*156592,+39.924318,+12.43,+044.2,0
*156592,+39.924301,+12.43,+044.2,0
*156592,+39.924324,+12.43,+044.2,0
*156592,+39.924324,+12.43,+044.2,0
*156592,+39.924190,+12.43,+044.2,0
*156592,+39.924180,+12.43,+044.2,0
*156592,+39.924201,+12.43,+044.2,0
*156592,+39.924201,+12.43,+044.2,0
*156592,+39.924121,+12.43,+044.2,0
*156592,+39.924055,+12.43,+044.2,0
*156592,+39.924055,+12.43,+044.2,0
*156592,+39.924063,+12.43,+044.2,0
*156592,+39.924048,+12.43,+044.2,0
*156592,+39.924048,+12.43,+044.2,0
*156592,+39.923949,+12.43,+044.2,0
*156592,+39.924034,+12.43,+044.2,0
*156592,+39.924034,+12.43,+044.2,0
*156592,+39.923946,+12.43,+044.2,0
*156592,+39.923897,+12.43,+044.2,0
*156592,+39.923979,+12.43,+044.2,0
*156592,+39.924111,+12.43,+044.2,0
*156592,+39.924046,+12.43,+044.2,0
*156592,+39.923987,+12.43,+044.2,0
*156592,+39.924013,+12.43,+044.2,0
*156592,+39.924106,+12.43,+044.2,0
*156592,+39.924091,+12.43,+044.2,0
*156592,+39.924007,+12.43,+044.2,0
*156592,+39.923939,+12.43,+044.2,0
*156592,+39.923993,+12.43,+044.2,0
*156592,+39.924009,+12.43,+044.2,0
*156592,+39.923925,+12.43,+044.2,0
*156592,+39.923761,+12.43,+044.2,0
*156592,+39.923695,+12.43,+044.2,0
*156592,+39.923760,+12.43,+044.2,0
*156592,+39.923769,+12.43,+044.2,0
*156592,+39.923582,+12.43,+044.2,0
*156592,+39.923529,+12.43,+044.2,0
*156592,+39.923586,+12.43,+044.2,0
*156592,+39.923680,+12.43,+044.2,0
*156592,+39.923510,+12.43,+044.2,0
*156592,+39.923502,+12.43,+044.2,0
*156592,+39.923600,+12.43,+044.2,0
*156592,+39.923600,+12.43,+044.2,0
*156592,+39.923624,+12.43,+044.2,0
*156592,+39.923603,+12.43,+044.2,0
*156592,+39.923603,+12.43,+044.2,0
*156592,+39.923782,+12.43,+044.2,0
*156592,+39.923708,+12.43,+044.2,0
*156592,+39.923708,+12.43,+044.2,0
*156592,+39.923690,+12.43,+044.2,0
*156592,+39.923738,+12.43,+044.2,0
*156592,+39.923738,+12.43,+044.2,0
*156592,+39.923661,+12.43,+044.2,0
*156592,+39.923575,+12.43,+044.2,0
*156592,+39.923583,+12.43,+044.2,0
*156592,+39.923583,+12.43,+044.2,0
*156592,+39.923660,+12.43,+044.2,0
*156592,+39.923566,+12.43,+044.2,0
*156592,+39.923566,+12.43,+044.2,0
*156592,+39.923672,+12.43,+044.2,0
*156592,+39.923654,+12.43,+044.2,0
*156592,+39.923654,+12.43,+044.2,0
*156592,+39.923506,+12.43,+044.2,0
*156592,+39.923467,+12.43,+044.2,0
*156592,+39.923467,+12.43,+044.2,0
*156592,+39.923388,+12.43,+044.2,0
*156592,+39.923231,+12.43,+044.2,0
*156592,+39.923223,+12.43,+044.2,0
*156592,+39.923223,+12.43,+044.2,0
*156592,+39.923212,+12.43,+044.2,0
*156592,+39.923040,+12.43,+044.2,0
*156592,+39.923040,+12.43,+044.2,0
*156592,+39.923004,+12.43,+044.2,0
*156592,+39.923013,+12.43,+044.2,0
*156592,+39.923013,+12.43,+044.2,0
*156592,+39.922835,+12.43,+044.2,0
*156592,+39.922918,+12.43,+044.2,0
*156592,+39.922918,+12.43,+044.2,0
*156592,+39.922853,+12.43,+044.2,0
*156592,+39.922758,+12.43,+044.2,0
*156592,+39.922758,+12.43,+044.2,0
*156592,+39.922948,+12.43,+044.2,0
*156592,+39.922948,+12.43,+044.2,0
*156592,+39.922830,+12.43,+044.2,0
*156592,+39.922895,+12.43,+044.2,0
*156592,+39.922895,+12.43,+044.2,0
*156592,+39.922974,+12.43,+044.2,0
*156592,+39.922881,+12.43,+044.2,0
*156592,+39.922893,+12.43,+044.2,0
*156592,+39.922893,+12.43,+044.2,0
*156592,+39.923011,+12.43,+044.2,0
*156592,+39.923019,+12.43,+044.2,0
*156592,+39.923019,+12.43,+044.2,0
*156592,+39.922960,+12.43,+044.2,0
*156592,+39.923070,+12.43,+044.2,0
*156592,+39.923070,+12.43,+044.2,0
*156592,+39.923082,+12.44,+044.2,0
*156592,+39.922990,+12.44,+044.2,0
*156592,+39.923018,+12.44,+044.2,0
*156592,+39.923018,+12.44,+044.2,0
*156592,+39.923050,+12.44,+044.2,0
*156592,+39.922937,+12.44,+044.2,0
*156592,+39.922937,+12.44,+044.2,0
*156592,+39.922901,+12.44,+044.2,0
*156592,+39.922876,+12.44,+044.2,0
*156592,+39.922876,+12.44,+044.2,0
*156592,+39.922756,+12.44,+044.2,0
*156592,+39.922793,+12.44,+044.2,0
*156592,+39.922793,+12.44,+044.2,0
*156592,+39.922767,+12.44,+044.2,0
*156592,+39.922675,+12.44,+044.2,0
*156592,+39.922673,+12.44,+044.2,0
*156592,+39.922673,+12.44,+044.2,0
*156592,+39.922720,+12.44,+044.2,0
*156592,+39.922617,+12.44,+044.2,0
*156592,+39.922617,+12.44,+044.2,0
*156592,+39.922727,+12.44,+044.2,0
*156592,+39.922730,+12.44,+044.2,0
*156592,+39.922730,+12.44,+044.2,0
*156592,+39.922707,+12.44,+044.2,0
*156592,+39.922822,+12.44,+044.2,0
*156592,+39.922899,+12.44,+044.2,0
*156592,+39.922899,+12.44,+044.2,0
*156592,+39.922801,+12.44,+044.2,0
*156592,+39.922871,+12.44,+044.2,0
*156592,+39.922871,+12.44,+044.2,0
*156592,+39.922819,+12.44,+044.2,0
*156592,+39.922716,+12.44,+044.2,0
*156592,+39.922716,+12.44,+044.2,0
*156592,+39.922676,+12.44,+044.2,0
*156592,+39.922685,+12.44,+044.2,0
*156592,+39.922685,+12.44,+044.2,0
*156592,+39.922589,+12.44,+044.2,0
*156592,+39.922585,+12.44,+044.2,0
*156592,+39.922585,+12.44,+044.2,0
*156592,+39.922567,+12.44,+044.2,0
*156592,+39.922473,+12.44,+044.2,0
*156592,+39.922424,+12.44,+044.2,0
*156592,+39.922424,+12.44,+044.2,0
*156592,+39.922555,+12.44,+044.2,0
*156592,+39.922512,+12.44,+044.2,0
*156592,+39.922512,+12.44,+044.2,0
*156592,+39.922472,+12.44,+044.2,0
*156592,+39.922559,+12.44,+044.2,0
*156592,+39.922559,+12.44,+044.2,0
*156592,+39.922447,+12.44,+044.2,0
*156592,+39.922462,+12.44,+044.2,0
*156592,+39.922559,+12.44,+044.2,0
*156592,+39.922559,+12.44,+044.2,0
*156592,+39.922394,+12.44,+044.2,0
*156592,+39.922377,+12.44,+044.2,0
*156592,+39.922377,+12.44,+044.2,0
*156592,+39.922632,+12.44,+044.2,0
*156592,+39.922542,+12.44,+044.2,0
*156592,+39.922542,+12.44,+044.2,0
*156592,+39.922590,+12.44,+044.2,0
*156592,+39.922735,+12.44,+044.2,0
*156592,+39.922735,+12.44,+044.2,0
*156592,+39.922620,+12.44,+044.2,0
*156592,+39.922607,+12.44,+044.2,0
*156592,+39.922699,+12.44,+044.2,0
*156592,+39.922699,+12.44,+044.2,0
*156592,+39.922600,+12.44,+044.2,0
*156592,+39.922578,+12.44,+044.2,0
*156592,+39.922578,+12.44,+044.2,0
*156592,+39.922791,+12.44,+044.2,0
*156592,+39.922783,+12.44,+044.2,0
*156592,+39.922783,+12.44,+044.2,0
*156592,+39.922885,+12.44,+044.2,0
*156592,+39.922990,+12.44,+044.2,0
*156592,+39.922990,+12.44,+044.2,0
*156592,+39.922978,+12.44,+044.2,0
*156592,+39.923033,+12.44,+044.2,0
*156592,+39.923143,+12.44,+044.2,0
*156592,+39.923143,+12.44,+044.2,0
*156592,+39.923236,+12.44,+044.2,0
*156592,+39.923171,+12.44,+044.2,0
*156592,+39.923171,+12.44,+044.2,0
*156592,+39.923271,+12.44,+044.2,0
*156592,+39.923256,+12.44,+044.2,0
*156592,+39.923256,+12.44,+044.2,0
*156592,+39.923078,+12.44,+044.2,0
*156592,+39.923117,+12.44,+044.2,0
*156592,+39.923117,+12.44,+044.2,0
*156592,+39.923222,+12.44,+044.2,0
*156592,+39.923188,+12.44,+044.2,0
*156592,+39.923304,+12.44,+044.2,0
*156592,+39.923304,+12.44,+044.2,0
*156592,+39.923436,+12.44,+044.2,0
*156592,+39.923392,+12.44,+044.2,0
*156592,+39.923392,+12.44,+044.2,0
*156592,+39.923612,+12.44,+044.2,0
*156592,+39.923676,+12.44,+044.2,0
*156592,+39.923676,+12.44,+044.2,0
*156592,+39.923649,+12.44,+044.2,0
*156592,+39.923829,+12.44,+044.2,0
*156592,+39.923915,+12.44,+044.2,0
*156592,+39.923915,+12.44,+044.2,0
*156592,+39.923775,+12.44,+044.2,0
*156592,+39.923827,+12.44,+044.2,0
*156592,+39.923827,+12.44,+044.2,0
*156592,+39.923848,+12.44,+044.2,0
*156592,+39.923738,+12.44,+044.2,0
*156592,+39.923738,+12.44,+044.2,0
*156592,+39.923908,+12.44,+044.2,0
*156592,+39.923870,+12.44,+044.2,0
*156592,+39.923870,+12.44,+044.2,0
*156592,+39.923817,+12.44,+044.2,0
*156592,+39.923948,+12.44,+044.2,0
*156592,+39.923948,+12.44,+044.2,0
*156592,+39.923942,+12.44,+044.2,0
*156592,+39.923886,+12.44,+044.2,0
*156592,+39.923918,+12.44,+044.2,0
*156592,+39.923918,+12.44,+044.2,0
*156592,+39.924070,+12.44,+044.2,0
*156592,+39.924030,+12.44,+044.2,0
*156592,+39.924030,+12.44,+044.2,0
*156592,+39.924118,+12.44,+044.2,0
*156592,+39.924199,+12.44,+044.2,0
*156592,+39.924199,+12.44,+044.2,0
*156592,+39.924176,+12.44,+044.2,0
*156592,+39.924249,+12.44,+044.2,0
*156592,+39.924249,+12.44,+044.2,0
*156592,+39.924322,+12.44,+044.2,0
*156592,+39.924309,+12.44,+044.2,0
*156592,+39.924368,+12.44,+044.2,0
*156592,+39.924368,+12.44,+044.2,0
*156592,+39.924576,+12.44,+044.2,0
*156592,+39.924559,+12.44,+044.2,0
*156592,+39.924559,+12.44,+044.2,0
*156592,+39.924594,+12.44,+044.2,0
*156592,+39.924741,+12.44,+044.2,0
*156592,+39.924741,+12.44,+044.2,0
*156592,+39.924785,+12.44,+044.2,0
*156592,+39.924855,+12.44,+044.2,0
*156592,+39.924855,+12.44,+044.2,0
*156592,+39.925050,+12.44,+044.2,0
*156592,+39.925015,+12.44,+044.2,0
*156592,+39.924996,+12.44,+044.2,0
*156592,+39.924996,+12.44,+044.2,0
*156592,+39.925217,+12.44,+044.2,0
*156592,+39.925220,+12.44,+044.2,0
*156592,+39.925220,+12.44,+044.2,0
*156592,+39.925263,+12.44,+044.2,0
*156592,+39.925383,+12.44,+044.2,0
*156592,+39.925383,+12.44,+044.2,0
*156592,+39.925301,+12.44,+044.2,0
*156592,+39.925329,+12.44,+044.2,0
*156592,+39.925557,+12.44,+044.2,0
*156592,+39.925557,+12.44,+044.2,0
*156592,+39.925588,+12.44,+044.2,0
*156592,+39.925614,+12.44,+044.2,0
*156592,+39.925614,+12.44,+044.2,0
*156592,+39.925881,+12.44,+044.2,0
*156592,+39.925943,+12.44,+044.2,0
*156592,+39.925943,+12.44,+044.2,0
*156592,+39.926049,+12.44,+044.2,0
*156592,+39.926238,+12.44,+044.2,0
*156592,+39.926238,+12.44,+044.2,0
*156592,+39.926299,+12.44,+044.2,0
*156592,+39.926276,+12.44,+044.2,0
*156592,+39.926366,+12.44,+044.2,0
*156592,+39.926366,+12.44,+044.2,0
*156592,+39.926282,+12.44,+044.2,0
*156592,+39.926237,+12.44,+044.2,0
*156592,+39.926237,+12.44,+044.2,0
*156592,+39.926412,+12.44,+044.2,0
*156592,+39.926350,+12.44,+044.2,0
*156592,+39.926350,+12.44,+044.2,0
*156592,+39.926310,+12.44,+044.2,0
*156592,+39.926407,+12.44,+044.2,0
*156592,+39.926358,+12.44,+044.2,0
*156592,+39.926358,+12.44,+044.2,0
*156592,+39.926275,+12.44,+044.2,0
*156592,+39.926308,+12.44,+044.2,0
*156592,+39.926308,+12.44,+044.2,0
*156592,+39.926226,+12.44,+044.2,0
*156592,+39.926062,+12.44,+044.2,0
*156592,+39.926062,+12.44,+044.2,0
*156592,+39.926162,+12.44,+044.2,0
*156592,+39.926119,+12.44,+044.2,0
*156592,+39.926011,+12.44,+044.2,0
*156592,+39.926011,+12.44,+044.2,0
*156592,+39.926054,+12.44,+044.2,0
*156592,+39.926052,+12.44,+044.2,0
*156592,+39.926052,+12.44,+044.2,0
*156592,+39.925971,+12.44,+044.2,0
*156592,+39.925985,+12.44,+044.2,0
*156592,+39.925985,+12.44,+044.2,0
*156592,+39.926046,+12.44,+044.2,0
*156592,+39.925961,+12.44,+044.2,0
*156592,+39.925975,+12.44,+044.2,0
*156592,+39.926034,+12.44,+044.2,0
*156592,+39.926064,+12.44,+044.2,0
*156592,+39.925976,+12.44,+044.2,0
*156592,+39.925868,+12.44,+044.2,0
*156592,+39.925877,+12.44,+044.2,0
*156592,+39.925967,+12.44,+044.2,0
*156592,+39.925968,+12.44,+044.2,0
*156592,+39.925849,+12.44,+044.2,0
*156592,+39.925835,+12.44,+044.2,0
*156592,+39.925898,+12.44,+044.2,0
*156592,+39.925945,+12.44,+044.2,0
*156592,+39.925930,+12.44,+044.2,0
*156592,+39.925875,+12.44,+044.2,0
*156592,+39.925830,+12.44,+044.2,0
*156592,+39.925894,+12.44,+044.2,0
*156592,+39.925941,+12.44,+044.2,0
*156592,+39.925916,+12.44,+044.2,0
*156592,+39.925768,+12.44,+044.2,0
*156592,+39.925874,+12.44,+044.2,0
*156592,+39.925874,+12.44,+044.2,0
*156592,+39.925699,+12.44,+044.2,0
*156592,+39.925661,+12.44,+044.2,0
*156592,+39.925661,+12.44,+044.2,0
*156592,+39.925725,+12.44,+044.2,0
*156592,+39.925587,+12.44,+044.2,0
*156592,+39.925587,+12.44,+044.2,0
*156592,+39.925569,+12.44,+044.2,0
*156592,+39.925613,+12.44,+044.2,0
*156592,+39.925556,+12.44,+044.2,0
*156592,+39.925556,+12.44,+044.2,0
*156592,+39.925448,+12.44,+044.2,0
*156592,+39.925540,+12.44,+044.2,0
*156592,+39.925540,+12.44,+044.2,0
*156592,+39.925371,+12.44,+044.2,0
*156592,+39.925334,+12.44,+044.2,0
*156592,+39.925334,+12.44,+044.2,0
*156592,+39.925494,+12.44,+044.2,0
*156592,+39.925401,+12.44,+044.2,0
*156592,+39.925401,+12.44,+044.2,0
*156592,+39.925378,+12.44,+044.2,0
*156592,+39.925451,+12.44,+044.2,0
*156592,+39.925390,+12.44,+044.2,0
*156592,+39.925390,+12.44,+044.2,0
*156592,+39.925288,+12.44,+044.2,0
*156592,+39.925395,+12.44,+044.2,0
*156592,+39.925395,+12.44,+044.2,0
*156592,+39.925221,+12.44,+044.2,0
*156592,+39.925197,+12.44,+044.2,0
*156592,+39.925252,+12.44,+044.2,0
*156592,+39.925278,+12.44,+044.2,0
*156592,+39.925195,+12.44,+044.2,0
*156592,+39.925087,+12.44,+044.2,0
*156592,+39.925079,+12.44,+044.2,0
*156592,+39.925113,+12.44,+044.2,0
*156592,+39.925069,+12.44,+044.2,0
*156592,+39.924991,+12.44,+044.2,0
*156592,+39.924939,+12.44,+044.2,0
*156592,+39.924967,+12.44,+044.2,0
*156592,+39.925000,+12.44,+044.2,0
*156592,+39.924930,+12.44,+044.2,0
*156592,+39.924809,+12.44,+044.2,0
*156592,+39.924796,+12.44,+044.2,0
*156592,+39.924785,+12.44,+044.2,0
*156592,+39.924769,+12.44,+044.2,0
*156592,+39.924751,+12.43,+044.2,0
*156592,+39.924673,+12.43,+044.2,0
*156592,+39.924640,+12.43,+044.2,0
*156592,+39.924640,+12.43,+044.2,0
*156592,+39.924566,+12.43,+044.2,0
*156592,+39.924494,+12.43,+044.2,0
*156592,+39.924545,+12.43,+044.2,0
*156592,+39.924545,+12.43,+044.2,0
*156592,+39.924543,+12.43,+044.2,0
*156592,+39.924472,+12.43,+044.2,0
*156592,+39.924472,+12.43,+044.2,0
*156592,+39.924577,+12.43,+044.2,0
*156592,+39.924609,+12.43,+044.2,0
*156592,+39.924609,+12.43,+044.2,0
*156592,+39.924491,+12.43,+044.2,0
*156592,+39.924609,+12.43,+044.2,0
*156592,+39.924609,+12.43,+044.2,0
*156592,+39.924538,+12.43,+044.2,0
*156592,+39.924452,+12.43,+044.2,0
*156592,+39.924452,+12.43,+044.2,0
*156592,+39.924616,+12.43,+044.2,0
*156592,+39.924552,+12.43,+044.2,0
*156592,+39.924409,+12.43,+044.2,0
*156592,+39.924409,+12.43,+044.2,0
*156592,+39.924553,+12.43,+044.2,0
*156592,+39.924581,+12.43,+044.2,0
*156592,+39.924581,+12.43,+044.2,0
*156592,+39.924359,+12.43,+044.2,0
*156592,+39.924474,+12.43,+044.2,0
*156592,+39.924474,+12.43,+044.2,0
*156592,+39.924501,+12.43,+044.2,0
*156592,+39.924414,+12.43,+044.2,0
*156592,+39.924414,+12.43,+044.2,0
*156592,+39.924636,+12.43,+044.2,0
*156592,+39.924651,+12.43,+044.2,0
*156592,+39.924545,+12.43,+044.2,0
*156592,+39.924545,+12.43,+044.2,0
*156592,+39.924727,+12.43,+044.2,0
*156592,+39.924769,+12.43,+044.2,0
*156592,+39.924769,+12.43,+044.2,0
*156592,+39.924669,+12.43,+044.2,0
*156592,+39.924843,+12.43,+044.2,0
*156592,+39.924843,+12.43,+044.2,0
*156592,+39.924895,+12.43,+044.2,0
*156592,+39.924893,+12.43,+044.2,0
*156592,+39.924893,+12.43,+044.2,0
*156592,+39.925048,+12.43,+044.2,0
*156592,+39.925063,+12.43,+044.2,0
*156592,+39.925063,+12.43,+044.2,0
*156592,+39.925002,+12.43,+044.2,0
*156592,+39.925061,+12.43,+044.2,0
*156592,+39.925053,+12.43,+044.2,0
*156592,+39.925053,+12.43,+044.2,0
*156592,+39.925038,+12.43,+044.2,0
*156592,+39.925025,+12.43,+044.2,0
*156592,+39.925025,+12.43,+044.2,0
*156592,+39.925085,+12.43,+044.2,0
*156592,+39.924979,+12.43,+044.2,0
*156592,+39.924979,+12.43,+044.2,0
*156592,+39.924981,+12.43,+044.2,0
*156592,+39.925021,+12.43,+044.2,0
*156592,+39.925021,+12.43,+044.2,0
*156592,+39.924928,+12.43,+044.2,0
*156592,+39.925011,+12.43,+044.2,0
*156592,+39.925049,+12.43,+044.2,0
*156592,+39.925049,+12.43,+044.2,0
*156592,+39.924966,+12.43,+044.2,0
*156592,+39.924975,+12.43,+044.2,0
*156592,+39.924975,+12.43,+044.2,0
*156592,+39.925042,+12.43,+044.2,0
*156592,+39.925008,+12.43,+044.2,0
*156592,+39.925008,+12.43,+044.2,0
*156592,+39.924950,+12.43,+044.2,0
*156592,+39.925039,+12.43,+044.2,0
*156592,+39.925039,+12.43,+044.2,0
*156592,+39.924837,+12.43,+044.2,0
*156592,+39.924852,+12.43,+044.2,0
*156592,+39.924852,+12.43,+044.2,0
*156592,+39.924934,+12.43,+044.2,0
*156592,+39.924859,+12.43,+044.2,0
*156592,+39.924824,+12.43,+044.2,0
*156592,+39.924824,+12.43,+044.2,0
*156592,+39.924995,+12.43,+044.2,0
*156592,+39.924904,+12.43,+044.2,0
*156592,+39.924904,+12.43,+044.2,0
*156592,+39.924892,+12.43,+044.2,0
*156592,+39.925040,+12.43,+044.2,0
*156592,+39.925040,+12.43,+044.2,0
*156592,+39.924881,+12.43,+044.2,0
*156592,+39.924890,+12.43,+044.2,0
*156592,+39.924890,+12.43,+044.2,0
*156592,+39.925075,+12.43,+044.2,0
*156592,+39.924957,+12.43,+044.2,0
*156592,+39.924945,+12.43,+044.2,0
*156592,+39.925088,+12.43,+044.2,0
*156592,+39.925186,+12.43,+044.2,0
*156592,+39.925129,+12.43,+044.2,0
*156592,+39.925074,+12.43,+044.2,0
*156592,+39.925106,+12.43,+044.2,0
*156592,+39.925226,+12.43,+044.2,0
*156592,+39.925214,+12.43,+044.2,0
*156592,+39.925129,+12.43,+044.2,0
*156592,+39.925044,+12.43,+044.2,0
*156592,+39.925109,+12.43,+044.2,0
*156592,+39.925183,+12.43,+044.2,0
*156592,+39.925126,+12.43,+044.2,0
*156592,+39.925022,+12.43,+044.2,0
*156592,+39.925007,+12.43,+044.2,0
*156592,+39.925090,+12.43,+044.2,0
*156592,+39.925091,+12.43,+044.2,0
*156592,+39.925052,+12.43,+044.2,0
*156592,+39.924998,+12.43,+044.2,0
*156592,+39.925133,+12.43,+044.2,0
*156592,+39.925133,+12.43,+044.2,0
*156592,+39.925058,+12.43,+044.2,0
*156592,+39.925041,+12.43,+044.2,0
*156592,+39.925041,+12.43,+044.2,0
*156592,+39.925122,+12.43,+044.2,0
*156592,+39.925079,+12.43,+044.2,0
*156592,+39.925052,+12.43,+044.2,0
*156592,+39.925052,+12.43,+044.2,0
*156592,+39.925149,+12.43,+044.2,0
*156592,+39.925174,+12.43,+044.2,0
*156592,+39.925174,+12.43,+044.2,0
*156592,+39.925130,+12.43,+044.2,0
*156592,+39.925170,+12.43,+044.2,0
*156592,+39.925170,+12.43,+044.2,0
*156592,+39.925248,+12.43,+044.2,0
*156592,+39.925108,+12.43,+044.2,0
*156592,+39.925108,+12.43,+044.2,0
*156592,+39.925204,+12.43,+044.2,0
*156592,+39.925200,+12.43,+044.2,0
*156592,+39.925163,+12.43,+044.2,0
*156592,+39.925163,+12.43,+044.2,0
*156592,+39.925300,+12.43,+044.2,0
*156592,+39.925384,+12.43,+044.2,0
*156592,+39.925384,+12.43,+044.2,0
*156592,+39.925394,+12.43,+044.2,0
*156592,+39.925460,+12.43,+044.2,0
*156592,+39.925460,+12.43,+044.2,0
*156592,+39.925464,+12.43,+044.2,0
*156592,+39.925311,+12.43,+044.2,0
*156592,+39.925359,+12.43,+044.2,0
*156592,+39.925359,+12.43,+044.2,0
*156592,+39.925460,+12.43,+044.2,0
*156592,+39.925377,+12.43,+044.2,0
*156592,+39.925377,+12.43,+044.2,0
*156592,+39.925481,+12.43,+044.2,0
*156592,+39.925623,+12.43,+044.2,0
*156592,+39.925623,+12.43,+044.2,0
*156592,+39.925461,+12.43,+044.2,0
*156592,+39.925627,+12.43,+044.2,0
*156592,+39.925627,+12.43,+044.2,0
*156592,+39.925751,+12.43,+044.2,0
*156592,+39.925670,+12.43,+044.2,0
*156592,+39.925670,+12.43,+044.2,0
*156592,+39.925794,+12.43,+044.2,0
*156592,+39.925756,+12.43,+044.2,0
*156592,+39.925594,+12.43,+044.2,0
*156592,+39.925594,+12.43,+044.2,0
*156592,+39.925512,+12.43,+044.2,0
*156592,+39.925558,+12.43,+044.2,0
*156592,+39.925558,+12.43,+044.2,0
*156592,+39.925365,+12.43,+044.2,0
*156592,+39.925429,+12.43,+044.2,0
*156592,+39.925429,+12.43,+044.2,0
*156592,+39.925368,+12.43,+044.2,0
*156592,+39.925278,+12.43,+044.2,0
*156592,+39.925310,+12.43,+044.2,0
*156592,+39.925310,+12.43,+044.2,0
*156592,+39.925288,+12.43,+044.2,0
*156592,+39.925117,+12.43,+044.2,0
*156592,+39.925095,+12.43,+044.2,0
*156592,+39.925155,+12.43,+044.2,0
*156592,+39.925188,+12.43,+044.2,0
*156592,+39.925188,+12.43,+044.2,0
*156592,+39.925031,+12.43,+044.2,0
*156592,+39.925022,+12.43,+044.2,0
*156592,+39.925022,+12.43,+044.2,0
*156592,+39.925108,+12.43,+044.2,0
*156592,+39.925042,+12.43,+044.2,0
*156592,+39.925042,+12.42,+044.2,0
*156592,+39.925075,+12.42,+044.2,0
*156592,+39.925091,+12.42,+044.2,0
*156592,+39.925061,+12.42,+044.2,0
*156592,+39.925007,+12.42,+044.2,0
*156592,+39.924947,+12.42,+044.2,0
*156592,+39.924982,+12.42,+044.2,0
*156592,+39.925001,+12.42,+044.2,0
*156592,+39.924909,+12.42,+044.2,0
*156592,+39.924802,+12.42,+044.2,0
*156592,+39.924776,+12.42,+044.2,0
*156592,+39.924830,+12.42,+044.2,0
*156592,+39.924770,+12.42,+044.2,0
*156592,+39.924609,+12.42,+044.2,0
*156592,+39.924524,+12.42,+044.2,0
*156592,+39.924532,+12.42,+044.2,0
*156592,+39.924616,+12.42,+044.2,0
*156592,+39.924535,+12.42,+044.2,0
*156592,+39.924410,+12.42,+044.2,0
*156592,+39.924361,+12.42,+044.2,0
*156592,+39.924421,+12.42,+044.2,0
*156592,+39.924212,+12.42,+044.2,0
*156592,+39.924079,+12.42,+044.2,0
*156592,+39.924079,+12.42,+044.2,0
*156592,+39.924190,+12.42,+044.2,0
*156592,+39.924103,+12.42,+044.2,0
*156592,+39.924103,+12.42,+044.2,0
*156592,+39.924045,+12.42,+044.2,0
*156592,+39.924123,+12.42,+044.2,0
*156592,+39.924123,+12.42,+044.2,0
*156592,+39.923988,+12.42,+044.2,0
*156592,+39.923919,+12.42,+044.2,0
*156592,+39.924022,+12.42,+044.2,0
*156592,+39.924022,+12.42,+044.2,0
*156592,+39.924019,+12.42,+044.2,0
*156592,+39.923970,+12.42,+044.2,0
*156592,+39.923970,+12.42,+044.2,0
*156592,+39.924228,+12.42,+044.2,0
*156592,+39.924172,+12.42,+044.2,0
*156592,+39.924172,+12.42,+044.2,0
*156592,+39.924194,+12.42,+044.2,0
*156592,+39.924290,+12.42,+044.2,0
*156592,+39.924282,+12.42,+044.2,0
*156592,+39.924262,+12.42,+044.2,0
*156592,+39.924233,+12.42,+044.2,0
*156592,+39.924233,+12.41,+044.2,0
*156592,+39.924330,+12.41,+044.2,0
*156592,+39.924285,+12.41,+044.2,0
*156592,+39.924222,+12.41,+044.2,0
*156592,+39.924222,+12.41,+044.2,0
*156592,+39.924147,+12.41,+044.2,0
*156592,+39.924094,+12.41,+044.2,0
*156592,+39.924094,+12.41,+044.2,0
*156592,+39.923983,+12.41,+044.2,0
*156592,+39.924059,+12.41,+044.2,0
*156592,+39.924150,+12.41,+044.2,0
*156592,+39.924187,+12.41,+044.2,0
*156592,+39.924119,+12.41,+044.2,0
*156592,+39.924119,+12.41,+044.2,0
*156592,+39.924295,+12.41,+044.2,0
*156592,+39.924353,+12.41,+044.2,0
*156592,+39.924296,+12.41,+044.2,0
*156592,+39.924284,+12.41,+044.2,0
*156592,+39.924411,+12.41,+044.2,0
*156592,+39.924460,+12.41,+044.2,0
*156592,+39.924414,+12.41,+044.2,0
*156592,+39.924378,+12.41,+044.2,0
*156592,+39.924417,+12.41,+044.2,0
*156592,+39.924543,+12.41,+044.2,0
*156592,+39.924651,+12.41,+044.2,0
*156592,+39.924631,+12.41,+044.2,0
*156592,+39.924634,+12.41,+044.2,0
*156592,+39.924753,+12.41,+044.2,0
*156592,+39.924899,+12.41,+044.2,0
*156592,+39.924925,+12.41,+044.2,0
*156592,+39.924872,+12.41,+044.2,0
*156592,+39.924890,+12.41,+044.2,0
*156592,+39.925087,+12.41,+044.2,0
*156592,+39.925125,+12.41,+044.2,0
*156592,+39.925092,+12.41,+044.2,0
*156592,+39.925123,+12.41,+044.2,0
*156592,+39.925123,+12.41,+044.2,0
*156592,+39.925216,+12.41,+044.2,0
*156592,+39.925122,+12.41,+044.2,0
*156592,+39.925122,+12.41,+044.2,0
*156592,+39.925366,+12.41,+044.2,0
*156592,+39.925408,+12.41,+044.2,0
*156592,+39.925437,+12.41,+044.2,0
*156592,+39.925435,+12.41,+044.2,0
*156592,+39.925540,+12.41,+044.2,0
*156592,+39.925591,+12.41,+044.2,0
*156592,+39.925544,+12.41,+044.2,0
*156592,+39.925524,+12.41,+044.2,0
*156592,+39.925576,+12.41,+044.2,0
*156592,+39.925741,+12.41,+044.2,0
*156592,+39.925785,+12.41,+044.2,0
*156592,+39.925729,+12.41,+044.2,0
*156592,+39.925732,+12.41,+044.2,0
*156592,+39.925782,+12.41,+044.2,0
*156592,+39.925825,+12.41,+044.2,0
*156592,+39.925747,+12.41,+044.2,0
*156592,+39.925603,+12.41,+044.2,0
*156592,+39.925504,+12.41,+044.2,0
*156592,+39.925531,+12.41,+044.2,0
*156592,+39.925525,+12.41,+044.2,0
*156592,+39.925411,+12.41,+044.2,0
*156592,+39.925300,+12.41,+044.2,0
*156592,+39.925300,+12.41,+044.2,0
*156592,+39.925243,+12.41,+044.2,0
*156592,+39.925116,+12.41,+044.2,0
*156592,+39.925026,+12.41,+044.2,0
*156592,+39.925026,+12.41,+044.2,0
*156592,+39.925052,+12.41,+044.2,0
*156592,+39.924977,+12.41,+044.2,0
*156592,+39.924977,+12.41,+044.2,0
*156592,+39.924857,+12.41,+044.2,0
*156592,+39.924862,+12.41,+044.2,0
*156592,+39.924862,+12.41,+044.2,0
*156592,+39.924860,+12.41,+044.2,0
*156592,+39.924793,+12.41,+044.2,0
*156592,+39.924793,+12.41,+044.2,0
*156592,+39.924928,+12.41,+044.2,0
*156592,+39.924924,+12.41,+044.2,0
*156592,+39.924923,+12.41,+044.2,0
*156592,+39.924923,+12.41,+044.2,0
*156592,+39.925164,+12.41,+044.2,0
*156592,+39.925151,+12.41,+044.2,0
*156592,+39.925151,+12.41,+044.2,0
*156592,+39.925044,+12.41,+044.2,0
*156592,+39.925148,+12.41,+044.2,0
*156592,+39.925148,+12.41,+044.2,0
*156592,+39.925091,+12.41,+044.2,0
*156592,+39.924975,+12.41,+044.2,0
*156592,+39.924975,+12.41,+044.2,0
*156592,+39.925158,+12.41,+044.2,0
*156592,+39.925101,+12.41,+044.2,0
*156592,+39.924979,+12.41,+044.2,0
*156592,+39.924979,+12.41,+044.2,0
*156592,+39.924994,+12.41,+044.2,0
*156592,+39.925026,+12.41,+044.2,0
*156592,+39.925026,+12.41,+044.2,0
